Quantized Weights Summary
Bit width: 8 | Dynamic per-layer scaling
============================================================

W1 | shape=(8, 5) | scale=59.5489
  Float:     [-0.1314  0.8442 -0.7536 -1.3042  1.4746  0.6617 -0.2806  1.0613  2.1327
  0.5035 -0.0349  0.4734 -0.2898 -1.5574  1.3931  0.2106  0.0267  0.565
  1.1861  0.4901  0.2406 -0.2343  0.4711  1.8922  0.1531 -0.2062 -0.1263
 -0.2689  0.0422 -0.4417 -0.0102  0.0142 -0.2639 -1.556   1.0867  0.2923
 -0.1962  0.6288  1.3322  0.677 ]
  Quantized: [ -8  50 -45 -78  88  39 -17  63 127  30  -2  28 -17 -93  83  13   2  34
  71  29  14 -14  28 113   9 -12  -8 -16   3 -26  -1   1 -16 -93  65  17
 -12  37  79  40]

b1 | shape=(8,) | scale=79.4035
  Float:     [ 1.5994 -0.1003  1.4985 -0.2094  0.1105 -0.1955  1.5849 -0.1064]
  Quantized: [127  -8 119 -17   9 -16 126  -8]

W2 | shape=(4, 8) | scale=40.7261
  Float:     [ 0.1795 -0.2155 -0.35   -0.1366 -0.2712  0.2901  0.1018  0.1464 -0.0523
 -0.0062  0.1587 -0.2895  0.0223 -0.2413 -0.025  -0.1478  1.8823 -1.4319
  2.5614 -0.6899 -1.2884 -0.2109  3.1184 -1.0268  0.2839 -0.3159 -0.407
 -0.2766 -0.2378  0.1432  0.0702  0.2643]
  Quantized: [  7  -9 -14  -6 -11  12   4   6  -2   0   6 -12   1 -10  -1  -6  77 -58
 104 -28 -52  -9 127 -42  12 -13 -17 -11 -10   6   3  11]

b2 | shape=(4,) | scale=102.2779
  Float:     [-0.1826 -0.3285  1.2417 -0.1978]
  Quantized: [-19 -34 127 -20]

W3 | shape=(4, 4) | scale=18.9026
  Float:     [ 0.3035 -0.047   1.3878 -0.3588 -0.2523  0.0688  0.8219 -0.1572  0.298
  0.2864 -0.8843 -0.2699  0.4578 -0.2375 -6.7187 -0.4929]
  Quantized: [   6   -1   26   -7   -5    1   16   -3    6    5  -17   -5    9   -4
 -127   -9]

b3 | shape=(4,) | scale=12.7240
  Float:     [-9.9812 -2.7198  4.4752  7.4932]
  Quantized: [-127  -35   57   95]

